0.0154 0.1759 0.0717 0.042 0.025 0.0027 0.0016 0.0696 0.1589 0.11 0.0058 0.0547 0.0027 0.0537 0.0122 0.0069 0.0802 0.0792 0.0207 0.0112 
0.0013 4.0E-4 0.0907 0.0127 0.138 0.1074 0.0136 0.0986 0.0057 0.0521 0.0171 0.0223 0.3326 0.0311 0.0399 0.0039 4.0E-4 0.011 0.018 0.0031 
0.0156 0.0634 0.0156 0.1118 0.0010 0.0010 0.0038 0.0606 0.0315 0.0682 3.0E-4 3.0E-4 0.035 0.0225 0.0731 0.0357 0.0010 0.4526 0.0045 0.0024 
0.1996 0.1312 0.0603 0.2618 6.0E-4 0.0019 0.0155 0.0404 0.0566 0.0429 0.0392 6.0E-4 6.0E-4 0.0752 0.0392 0.0068 6.0E-4 0.018 0.0019 0.0068 
0.1112 0.023 0.1809 0.0112 0.0033 0.0151 0.0072 0.0941 0.1322 0.0388 0.0204 0.0809 0.0178 0.0586 0.0507 0.0086 0.023 0.0349 0.0401 0.048 
0.0737 0.0155 0.0928 0.1499 0.0145 5.0E-4 0.0597 0.2091 0.0055 0.1068 0.0376 0.0125 0.0476 0.0386 0.0386 0.0015 0.0667 0.0216 0.0055 0.0015 
0.1234 0.0105 0.4473 0.018 0.0105 0.0316 0.1123 0.0093 0.0019 0.0192 0.0242 6.0E-4 0.1495 0.0279 6.0E-4 0.0031 0.0031 6.0E-4 0.0019 0.0043 
0.0042 0.0232 0.1532 0.0709 0.0399 0.0089 0.1055 0.0209 0.0638 0.0554 0.1484 0.0018 0.0375 0.0387 0.0471 0.0292 0.0304 0.0685 0.0113 0.0411 
0.1165 0.0293 0.1921 0.0879 0.0033 0.0033 0.0046 7.0E-4 0.0163 0.0905 7.0E-4 7.0E-4 0.0996 0.1348 0.1074 0.1035 7.0E-4 7.0E-4 7.0E-4 0.0072 
0.0733 0.0105 0.4143 0.0105 0.0124 0.0124 0.0010 0.0010 0.0010 0.0333 0.0238 0.0010 0.0962 0.1743 0.0638 0.0105 0.02 0.0010 0.0010 0.039 
0.0236 0.021 0.0536 0.0176 0.0296 0.0696 0.0030 0.0123 0.0037 0.0656 0.4824 3.0E-4 0.0077 0.0436 0.0689 0.0303 0.0409 3.0E-4 0.0063 0.0196 
0.0013 0.0046 0.0342 0.0080 0.0021 0.0662 0.0814 0.116 0.0105 0.1245 0.0072 0.0038 0.0899 0.0038 0.0907 0.2215 0.1118 0.0030 0.0156 0.0038 
0.0838 0.22 0.1216 0.14 5.0E-4 5.0E-4 0.0059 0.0070 0.0449 0.0124 0.1 0.0059 0.0135 0.0968 0.0362 0.0189 0.0449 5.0E-4 0.0049 0.0416 
0.1006 0.0013 0.1203 0.0255 0.0139 0.0013 0.0738 0.0273 0.0729 0.1775 0.0282 0.1015 0.0389 0.0148 0.0094 0.0264 0.0461 0.0022 0.0702 0.0479 
0.0759 0.0303 0.1683 0.0154 0.0080 0.0133 0.0090 5.0E-4 0.0111 0.0823 0.0016 0.0196 0.0791 0.0653 0.0080 0.1003 0.0717 0.0366 0.2001 0.0037 
7.0E-4 0.1631 0.0962 0.0762 0.0121 0.1175 0.109 0.0164 0.0363 0.0506 7.0E-4 7.0E-4 0.0506 0.1132 0.0719 0.0050 0.0363 0.0207 0.015 0.0078 
0.0075 0.0022 0.0369 2.0E-4 0.6878 0.0039 0.0202 0.0919 0.0092 0.0621 0.0369 2.0E-4 0.0092 0.0026 0.0124 2.0E-4 0.0124 0.0014 0.0022 6.0E-4 
0.0593 0.0437 0.0723 0.0636 0.0091 0.0065 0.0126 0.0645 0.1554 0.1182 0.0472 4.0E-4 0.0195 0.0377 0.0463 0.0056 0.042 0.0385 0.0108 0.1468 
0.1087 0.1096 0.0865 0.0883 0.0031 0.012 0.0333 0.0013 0.0182 0.0572 0.0031 4.0E-4 0.0306 0.1149 0.035 0.0146 0.0271 0.0129 0.0395 0.2036 
0.1625 6.0E-4 0.4222 0.0082 0.0019 0.0132 0.0533 0.0044 0.0056 0.0358 0.0019 0.16 0.0458 0.0634 0.0031 0.0107 6.0E-4 0.0019 0.0031 0.0019 
0.0757 0.0169 0.1781 0.036 0.0076 0.0248 3.0E-4 0.0406 0.1067 0.0711 0.0354 0.0010 0.0109 0.1127 0.1827 0.0043 0.042 0.0393 0.0063 0.0076 
0.0857 0.1159 0.1475 0.0569 7.0E-4 7.0E-4 7.0E-4 0.0158 0.0556 0.0706 0.1008 7.0E-4 0.0185 0.072 0.1008 0.0185 0.0021 0.0912 7.0E-4 0.0446 
0.0217 0.0258 0.1217 0.0904 0.0015 5.0E-4 0.0035 0.0045 0.1056 0.1773 0.0025 0.0177 0.0015 0.0641 0.0015 0.0146 0.1227 0.1308 0.0197 0.0722 
6.0E-4 0.1098 0.061 0.0261 0.0668 0.3246 0.0029 0.0157 0.061 0.0459 0.047 6.0E-4 0.054 0.0343 0.0865 0.0041 0.054 6.0E-4 0.0017 0.0029 
0.1022 0.1569 0.2819 0.0983 0.0059 0.0124 0.0449 0.0189 0.0632 0.0319 7.0E-4 0.0267 7.0E-4 0.0749 0.0345 0.0033 0.0163 0.0059 0.0202 7.0E-4 
0.0683 0.0434 0.1285 0.0363 0.0239 0.0293 0.0346 0.0293 0.0984 0.07 0.047 0.0346 0.0239 0.0931 0.0328 0.0966 0.047 0.0027 0.0080 0.0523 
0.0535 0.0379 0.062 0.1775 0.0030 0.0608 0.1486 0.0656 0.056 0.056 0.0030 6.0E-4 0.0247 0.0836 0.133 6.0E-4 0.0174 0.0102 0.0030 0.0030 
0.0436 0.0059 0.1826 8.0E-4 0.0065 0.0138 0.0312 0.0037 0.0104 0.0667 0.0025 0.4792 0.0245 0.0723 3.0E-4 0.0211 0.0155 0.0076 0.011 8.0E-4 
0.0841 0.0050 0.4192 0.0156 0.0303 0.0090 3.0E-4 3.0E-4 0.0316 0.0342 0.0043 0.2689 0.0023 0.0542 0.013 0.0196 0.0017 0.0043 0.0017 3.0E-4 
0.0549 0.0507 0.1465 0.2938 0.0132 0.0243 0.0035 0.0076 0.0563 0.0257 0.0382 7.0E-4 0.0438 0.0549 0.1076 0.0313 0.0118 0.0146 0.0174 0.0035 
0.049 0.0098 0.3235 0.0098 0.0098 0.049 0.049 0.0882 0.0098 0.0098 0.0098 0.0098 0.1275 0.0098 0.1275 0.0098 0.0294 0.049 0.0098 0.0098 
0.042 0.0026 0.1604 0.0523 0.0043 0.0043 0.0094 0.0146 0.1346 0.0472 9.0E-4 0.0077 0.0901 0.1346 0.0043 0.0918 0.0369 0.0506 0.0266 0.0849 
0.016 7.0E-4 0.162 0.0369 0.0035 7.0E-4 0.0382 0.0188 0.0702 0.0424 0.0021 7.0E-4 0.0104 0.0285 0.0257 0.0021 0.3331 0.0939 0.0021 0.112 
0.0419 0.0185 0.1353 0.0968 0.0282 0.0295 0.0694 0.0323 0.0996 0.1463 0.0076 7.0E-4 0.0117 0.1559 0.0103 0.0048 0.0501 0.0021 7.0E-4 0.0584 
0.0319 0.0614 0.1652 0.0576 0.0195 0.0814 0.0119 0.1557 0.0071 0.0443 0.0024 0.0090 0.0671 0.0471 0.1138 0.0167 0.0214 0.0367 0.0062 0.0433 
0.0959 0.0267 0.0407 0.0193 4.0E-4 0.0185 0.0202 4.0E-4 4.0E-4 0.1222 0.0053 0.0243 0.0177 0.0449 0.0383 0.0251 0.0951 0.1691 0.0053 0.23 
0.0568 0.0058 0.2974 0.0272 0.1277 0.0091 0.0305 0.0173 0.0997 0.1112 0.0189 8.0E-4 0.0124 0.0832 0.0338 0.0074 0.0453 8.0E-4 0.0091 0.0058 
6.0E-4 6.0E-4 0.2353 0.0232 0.0266 0.0017 0.0028 6.0E-4 0.0323 0.0266 0.0028 0.0471 0.0777 0.0663 0.2511 0.0402 0.0074 0.0505 0.0278 0.0788 
0.1483 0.0426 0.1983 0.1028 0.0051 6.0E-4 0.0074 0.0301 0.046 0.0585 0.0063 0.0051 0.1551 0.0506 0.0619 6.0E-4 6.0E-4 0.0631 6.0E-4 0.0165 
0.0136 0.0555 0.0736 0.05 0.0264 0.0318 0.0064 0.0027 0.0264 0.0573 0.03 9.0E-4 0.2391 0.0955 0.0209 0.0555 0.0718 9.0E-4 0.0045 0.1373 
0.0663 0.0725 0.1619 0.1434 0.0036 0.0057 0.0046 0.0313 0.1362 0.0211 0.0098 0.0077 0.0077 0.1064 0.0827 0.0313 0.02 0.0128 0.0057 0.0694 
0.0112 0.0335 0.0958 0.0546 0.0276 0.0029 0.017 6.0E-4 0.0476 0.104 0.0041 0.0065 0.0464 0.0969 0.0147 0.0746 0.285 0.0288 6.0E-4 0.0476 
0.0813 0.054 0.1346 0.0267 0.0423 0.0436 0.0033 0.0631 0.093 0.0826 0.0462 0.0423 0.0371 0.0319 0.1697 0.0137 0.0072 0.0098 0.0072 0.0111 
0.0527 0.163 0.0797 0.1017 0.0037 0.0012 0.1189 0.0037 0.0331 0.0576 0.0135 0.0012 0.0061 0.0919 0.0625 0.0061 0.0306 0.1311 0.0404 0.0012 
0.0039 0.0094 0.0655 0.0446 0.0072 0.549 0.1371 0.0094 0.0523 0.0215 0.0226 6.0E-4 6.0E-4 0.0567 0.0017 0.0017 0.0105 6.0E-4 0.0050 6.0E-4 
0.1035 0.0225 0.2815 0.0757 0.0214 0.0064 0.0133 0.0098 0.0214 0.0364 0.0075 0.0168 0.0399 0.0434 0.0861 0.0249 0.0075 0.0040 0.0098 0.1682 
0.041 0.0096 0.0886 0.0703 0.0127 0.0258 0.2525 0.0683 0.0309 0.0744 0.0319 0.0025 0.0248 0.1129 0.0643 0.0197 0.0056 0.0035 0.0572 0.0035 
4.0E-4 4.0E-4 0.0013 0.6031 4.0E-4 0.0031 0.3628 0.0031 0.0013 4.0E-4 4.0E-4 0.0031 0.0013 4.0E-4 0.0031 0.0067 0.0058 0.0013 4.0E-4 4.0E-4 
0.1523 0.0105 0.2207 0.2367 4.0E-4 0.0156 0.0013 0.0181 0.1135 0.0342 0.0030 0.0131 0.0165 0.0797 0.0637 0.0046 0.0021 0.0097 0.0030 0.0013 
0.0168 7.0E-4 0.231 0.0532 0.0415 0.0284 0.0080 0.1392 0.1261 0.0474 0.0080 0.0080 0.0313 0.18 0.0255 0.0313 7.0E-4 0.0036 0.0182 7.0E-4 
0.0414 0.0762 0.2306 0.0291 0.1866 0.0128 0.0097 0.0455 0.0281 0.0322 0.0036 0.0179 0.0557 0.0874 0.0997 0.0066 0.0138 5.0E-4 0.0128 0.0097 
0.0981 0.0012 0.1203 0.0218 4.0E-4 0.0036 0.0624 0.0028 0.079 0.1839 0.0147 0.0131 0.0187 0.0361 0.0052 0.0044 0.2593 0.0060 0.0647 0.0044 
0.0096 0.1255 0.1081 0.4092 0.0269 5.0E-4 5.0E-4 0.0023 0.0342 0.0452 0.0187 0.0151 0.0196 0.0698 0.036 0.0224 0.0214 0.0141 0.0014 0.0196 
0.0688 0.0748 0.1023 0.1776 0.0197 0.0018 0.0449 0.0317 0.0221 0.0772 0.0042 0.0341 0.1059 0.1525 0.0054 6.0E-4 0.0245 0.0185 0.0078 0.0257 
0.0781 0.0182 0.2255 0.0109 0.0182 0.0051 0.1861 7.0E-4 0.1993 0.0533 0.027 0.0095 7.0E-4 0.1365 0.0066 7.0E-4 0.0182 0.0022 7.0E-4 0.0022 
0.0153 0.02 0.1417 4.0E-4 0.0090 0.0428 0.1378 0.031 0.0114 0.0852 0.0090 0.0012 0.031 0.0577 0.1032 0.0012 0.0137 0.0059 0.2806 0.0020 
0.0981 0.0117 0.2503 0.0021 7.0E-4 0.0254 0.3326 0.0048 0.0322 0.0446 0.0185 0.0089 0.0021 0.0583 0.0048 0.0213 0.0075 0.0638 0.0062 0.0062 
0.0564 0.0045 0.0961 0.0341 0.374 0.0045 0.0467 0.0118 0.0389 0.0515 0.0998 0.0093 0.0214 0.0021 0.0931 0.0136 0.0136 0.0045 0.0069 0.0172 
0.0239 0.0107 0.0636 0.0717 0.0063 0.0283 0.0173 0.0129 0.0908 0.1195 0.0063 0.0136 0.0349 0.0202 0.0629 0.3099 0.0298 0.0643 0.0121 0.0011 
0.0237 0.0727 0.0615 0.0727 0.0099 0.0022 0.1071 0.0151 0.0099 0.0374 0.0297 0.0288 0.1872 0.0073 0.0090 0.0314 0.1106 0.0417 0.0288 0.1132 
0.0364 0.014 0.1551 0.1002 0.0039 0.0084 0.0028 0.0185 0.0297 0.0834 0.014 0.1305 0.1327 0.0857 0.0218 0.0207 0.0801 6.0E-4 0.0274 0.0342 
0.0258 0.0142 0.1525 0.0208 0.0075 0.0142 0.4458 8.0E-4 0.0025 0.1325 0.0208 0.0025 0.0042 0.0775 0.0342 0.0125 0.0242 0.0042 0.0025 8.0E-4 
0.1274 0.0038 0.3379 0.0526 0.0081 5.0E-4 0.0027 0.0233 0.0992 0.0667 0.0114 0.0439 0.0211 0.16 5.0E-4 0.0136 0.0233 5.0E-4 0.0027 5.0E-4 
0.0195 0.0329 0.1129 0.0043 0.0367 0.0129 0.01 0.0386 0.0471 0.09 0.171 0.0043 0.1005 0.051 0.1871 0.0176 0.0471 0.011 0.0033 0.0024 
0.1306 0.0224 0.5219 0.0961 0.0086 6.0E-4 0.0029 0.0063 0.0259 0.0063 0.0029 6.0E-4 0.0040 0.0857 0.0109 0.0029 0.0040 0.0397 0.0075 0.0201 
0.0792 0.0119 0.1073 0.1494 7.0E-4 0.0428 0.0077 0.0021 0.0694 0.0708 0.0021 0.0288 0.0512 0.1241 0.1115 0.0105 0.033 0.0778 0.0049 0.0147 
0.0297 0.0059 0.0449 0.0568 0.0059 0.0025 0.3246 0.0195 0.1907 0.0992 0.0432 8.0E-4 0.05 0.0347 0.0144 0.0025 0.0398 0.0127 0.0212 8.0E-4 
0.0121 0.0017 0.7126 0.034 0.0063 6.0E-4 0.0098 0.0098 0.0225 0.0109 6.0E-4 6.0E-4 0.0317 0.1285 0.0063 6.0E-4 0.0040 0.0040 0.0017 0.0017 
0.0195 0.0169 0.0013 0.0143 0.0013 0.0013 0.0091 0.0013 0.0481 0.0039 0.0065 0.0195 0.0039 0.0195 0.0013 0.7961 0.0039 0.0091 0.0039 0.0195 
0.4616 0.0050 0.1288 0.0041 0.0032 0.0032 0.0131 0.0086 0.0493 0.0791 5.0E-4 0.0059 0.0285 0.0628 0.0212 0.0041 0.108 0.0113 5.0E-4 0.0014 
0.0441 0.0096 0.1454 0.0491 0.1393 0.0816 0.039 0.0947 0.039 0.0127 0.0481 0.0066 5.0E-4 0.0643 0.2001 0.0025 5.0E-4 0.0147 0.0066 0.0015 
0.0072 0.0454 0.0533 0.0322 0.0086 0.0243 0.5204 0.0059 0.0296 0.0151 0.0717 0.0099 7.0E-4 0.0388 0.0586 0.0467 0.0191 7.0E-4 7.0E-4 0.0112 
0.1043 0.0098 0.1437 0.0374 0.0138 0.065 0.0059 0.0059 0.1358 0.0571 0.0098 0.0020 0.1043 0.0295 0.0453 0.1594 0.0138 0.0098 0.0138 0.0335 
0.0647 0.0026 0.2521 0.0647 5.0E-4 0.0016 5.0E-4 0.0195 0.0974 0.0689 5.0E-4 0.0016 0.0426 0.1416 0.0489 0.0889 0.0311 0.0689 5.0E-4 0.0026 
0.0169 0.4632 0.0584 4.0E-4 0.0238 0.0117 0.0030 0.0359 0.0030 0.0186 0.1561 0.0030 0.0203 0.0108 0.035 0.0013 0.1285 0.0030 0.0056 0.0013 
0.0243 0.0129 0.1082 0.0253 0.0634 0.1425 0.0329 0.0195 0.0357 0.0748 0.0091 0.1721 0.0672 0.051 0.1311 5.0E-4 0.0119 0.0062 0.011 5.0E-4 
0.068 0.062 0.059 0.0422 0.1037 0.0035 0.0045 0.2416 0.0164 0.0322 0.0193 0.0908 0.0293 0.0888 0.1047 5.0E-4 0.0045 0.0025 0.0174 0.0094 
0.0511 0.1383 0.1181 0.0878 0.0044 0.0069 0.017 0.0322 0.0941 0.0625 6.0E-4 0.0082 0.0587 0.1168 0.0903 0.0297 0.0145 0.0057 0.0019 0.0612 
0.1492 0.0186 0.2759 0.057 0.0032 0.0275 0.0442 0.0032 0.0749 0.0531 0.0070 0.016 0.0557 0.089 0.0851 0.0109 6.0E-4 0.0045 6.0E-4 0.0237 
0.0277 0.0334 0.0481 0.1329 0.0028 0.0741 0.0198 6.0E-4 6.0E-4 0.1736 0.0277 0.0209 0.0413 0.1171 0.0786 0.0356 0.1635 6.0E-4 6.0E-4 6.0E-4 
0.0785 0.0036 0.1859 0.0185 0.253 0.0012 0.0257 0.0438 0.0501 0.0525 0.0225 0.0059 0.0225 0.0146 0.0541 0.0028 0.0083 0.0162 4.0E-4 0.1401 
0.0539 0.0412 0.1396 0.0278 0.0104 0.0284 3.0E-4 0.1703 0.0726 0.0766 0.0171 0.0204 0.0807 0.0606 0.1422 0.0023 0.0050 0.0017 0.0157 0.0331 
0.0746 0.037 0.1145 0.119 6.0E-4 0.0461 0.0393 0.0495 0.0359 0.1019 0.012 0.0165 0.1828 0.0051 0.0814 6.0E-4 0.029 0.0233 0.0233 0.0074 
0.0058 0.0074 0.0584 0.0222 0.0206 0.0896 0.0288 0.0123 0.2771 0.0715 0.0518 0.0271 0.0271 0.1127 0.06 8.0E-4 0.0502 0.0518 0.0238 8.0E-4 
0.0796 0.1084 0.1611 0.0473 0.0964 0.0066 0.0066 0.0102 0.0892 0.0605 0.0030 0.0808 0.0856 0.021 0.1156 6.0E-4 0.021 0.0042 6.0E-4 0.0018 
0.109 0.098 0.1517 0.0433 0.0192 0.029 0.0203 0.0389 0.0893 0.0378 0.0016 0.0027 0.0093 0.1791 0.0915 0.0082 0.0509 0.0115 0.0027 0.0060 
0.0142 0.0248 0.1109 0.0548 4.0E-4 0.0378 0.0012 0.1101 0.1011 0.0768 0.0491 0.0215 0.0069 0.1141 0.0451 0.0077 0.0646 0.1393 0.0167 0.0028 
0.0113 5.0E-4 0.1525 0.076 0.0103 0.023 0.1593 0.0025 0.1015 0.0701 0.0083 0.0672 0.027 0.1377 0.0299 0.0162 0.0368 0.0289 0.0113 0.0299 
6.0E-4 0.0080 0.0154 0.051 0.0154 0.0657 0.1615 0.0289 0.1063 0.1345 6.0E-4 0.0043 0.0326 0.0878 0.019 0.0461 0.2045 0.0031 0.0141 6.0E-4 
0.0987 0.04 0.2895 0.0448 0.0265 0.0226 0.0034 0.013 0.0043 0.0737 0.04 0.0149 0.0824 0.1036 0.014 0.0496 0.0323 0.039 0.0024 0.0053 
0.0173 0.3374 0.1579 0.0414 0.0173 0.01 0.0205 0.0509 0.0582 0.0582 0.032 0.0047 0.0362 0.074 0.0121 0.0068 0.0268 0.0089 0.0184 0.011 
0.0299 0.0111 0.2164 0.0305 0.0567 0.044 0.0748 0.0581 0.0352 0.0547 0.0077 3.0E-4 0.0433 0.0446 0.0842 0.044 0.0574 0.0064 0.1003 3.0E-4 
0.0419 0.1113 0.1952 0.0308 0.0017 0.0050 0.0073 0.0229 0.0397 0.0889 0.0028 0.0028 0.2388 0.1147 0.0207 0.0062 0.0095 0.052 0.0050 0.0028 
0.0228 0.0035 0.0927 0.0876 0.0289 5.0E-4 0.0157 0.2011 0.0724 0.1545 0.0177 0.0228 0.0735 0.0502 0.0917 0.0035 0.0157 0.0177 0.0117 0.0157 
0.0429 0.0374 0.1735 0.0224 0.0088 0.0673 0.1027 0.017 0.0333 0.1231 0.0524 0.0020 0.0592 0.2224 0.0034 0.0020 0.0020 0.0020 0.0061 0.0197 
0.0695 0.0294 0.2061 0.1272 6.0E-4 0.0081 0.0094 0.0019 0.1422 0.1096 0.0294 0.0019 0.032 0.1184 0.0069 0.0069 0.0244 0.0031 6.0E-4 0.0721 
0.22 0.02 0.02 0.06 0.02 0.02 0.1 0.02 0.06 0.06 0.14 0.02 0.02 0.02 0.02 0.02 0.06 0.02 0.02 0.06 
0.1364 0.1434 0.1092 0.0655 0.0183 6.0E-4 0.0124 0.0372 0.0643 0.0289 0.0136 6.0E-4 0.0112 0.0195 0.0195 0.0030 0.0183 0.0053 6.0E-4 0.2922 
0.0427 0.0099 0.111 0.115 0.2188 0.0151 0.0309 7.0E-4 0.0388 0.0703 0.0322 0.0020 0.0322 0.1833 0.0072 7.0E-4 0.0532 0.0033 0.0322 7.0E-4 
0.0477 0.0456 0.0446 0.1254 0.0016 0.0257 0.0226 0.0068 0.0383 0.0414 0.0677 0.0383 0.0834 0.1411 0.1233 0.0373 0.0341 0.0068 0.0131 0.0551 
0.0314 0.0376 0.0788 0.016 0.188 0.0829 0.0036 0.0592 0.0633 0.0901 0.1035 0.0057 0.0263 0.0489 0.0304 0.0242 0.0736 0.0026 0.0108 0.0232 
0.1077 0.0566 0.1236 0.0423 8.0E-4 0.0072 0.0040 0.0183 0.0152 0.1108 0.0072 0.0088 0.1475 0.1124 0.0439 0.0614 0.0183 0.0024 0.0423 0.0694 
0.0708 5.0E-4 0.1792 0.0119 0.0271 0.0014 0.0166 0.0252 0.048 0.2971 0.0014 0.0936 0.1145 0.0328 0.0090 0.0119 0.0261 0.028 0.0014 0.0033 
0.0452 0.0175 0.2408 0.0046 0.1614 0.0046 0.1079 9.0E-4 0.0839 0.0987 0.0286 0.0101 0.0526 0.06 0.0083 9.0E-4 0.0581 9.0E-4 9.0E-4 0.0138 
0.0149 0.0581 0.0667 0.0024 0.0657 0.0734 0.0014 0.0773 0.0302 0.1137 0.0168 0.1742 0.011 0.0619 0.1089 0.0389 0.0446 0.0024 0.0216 0.0158 
0.0028 0.0445 0.0437 4.0E-4 0.0185 0.109 0.1412 0.0311 0.0216 0.1483 0.0028 0.0067 0.0366 0.0366 0.1247 0.013 0.1357 0.0169 0.0633 0.0028 
0.0174 0.0042 0.1065 0.0042 0.0652 0.0127 0.0061 0.0305 0.2181 0.0755 0.2575 0.0174 0.0174 0.1055 0.0258 0.0239 0.0052 5.0E-4 0.0042 0.0023 
0.057 7.0E-4 0.614 0.0094 0.0065 0.0108 0.0729 0.0022 0.0022 7.0E-4 0.0022 0.0483 0.0931 0.0426 0.0065 0.0022 0.0253 7.0E-4 0.0022 7.0E-4 
0.1405 0.0099 0.0898 0.0691 0.0653 0.0644 0.0484 0.0099 0.0080 0.1668 0.0117 0.0249 0.0493 0.0691 0.0174 0.0512 0.0258 0.0277 0.0296 0.0211 
0.0145 0.0609 0.0543 0.0518 0.1023 4.0E-4 4.0E-4 0.0833 0.0236 0.0742 0.0584 0.0037 0.0551 0.1123 0.0824 0.0021 0.0278 4.0E-4 0.0012 0.191 
0.032 0.0023 0.1554 0.0070 0.0014 5.0E-4 0.0329 0.1591 0.1507 0.1563 0.0097 0.0394 0.0301 0.0728 0.0431 0.0691 0.0348 0.0023 5.0E-4 5.0E-4 
0.0463 5.0E-4 0.0972 0.0889 5.0E-4 0.0026 0.0255 0.0317 0.0806 0.1471 0.0317 0.0161 0.093 0.1897 0.0327 0.012 5.0E-4 0.0296 0.0702 0.0036 
0.0148 0.0381 0.0354 0.0363 0.1026 0.0022 4.0E-4 0.022 0.0838 0.1241 0.1662 0.0022 0.0587 0.0381 0.1591 0.0013 0.0506 4.0E-4 0.0166 0.047 
0.0719 0.0126 0.091 5.0E-4 0.2842 0.0136 5.0E-4 0.087 0.0166 0.0941 0.0206 0.0367 0.0538 0.1725 0.0196 0.0126 0.0025 0.0015 0.0055 0.0025 
0.013 0.0414 0.1241 0.0296 0.0366 0.0035 0.2116 0.0177 0.2541 0.0201 0.0012 0.0059 0.0083 0.1288 0.0225 0.0012 0.0177 0.0461 0.0059 0.0106 
0.0374 0.0282 0.0897 0.0169 0.0056 0.0067 0.0395 0.019 0.1646 0.2487 0.0046 5.0E-4 0.0549 0.0221 0.0569 0.0385 0.1072 0.0436 0.0128 0.0026 
0.0361 0.0864 0.198 0.0339 0.0077 0.0011 0.012 0.012 0.2593 0.0755 0.0055 0.0427 0.0339 0.1039 0.0011 0.012 0.0033 0.047 0.0033 0.0252 
0.1368 0.0047 0.2311 0.1462 0.0047 0.0047 0.0047 0.0047 0.0142 0.0047 0.0047 0.0142 0.0142 0.1745 0.0047 0.0519 0.0047 0.0519 0.0991 0.0236 
4.0E-4 0.0585 0.1273 0.0086 0.0471 0.2737 0.0053 0.0552 0.0233 0.0675 0.0037 0.0061 0.0053 0.0119 0.1305 0.0061 0.0454 0.0184 0.0029 0.1027 
0.0882 0.0024 0.2774 0.0835 8.0E-4 8.0E-4 0.1025 0.0072 0.1423 0.0231 8.0E-4 8.0E-4 0.0072 0.0994 0.0151 0.0072 8.0E-4 0.101 0.0103 0.0294 
0.0622 0.2496 0.127 0.1235 0.0166 0.0236 0.0026 0.0114 0.0797 0.0534 0.0184 9.0E-4 0.0166 0.0587 0.0201 9.0E-4 0.0131 0.0587 0.0131 0.0499 
0.1047 0.0046 0.1047 0.0319 0.0027 0.0446 0.1011 9.0E-4 0.1157 0.0173 0.0191 0.0501 0.1922 0.061 0.0738 0.0355 0.0264 0.01 9.0E-4 0.0027 
0.0063 0.0654 0.0347 0.0392 0.0017 0.0040 0.0165 0.0063 0.1303 0.3521 0.0085 0.1496 0.0154 0.0324 0.0051 0.029 0.0836 6.0E-4 0.0154 0.0040 
0.0098 0.0098 0.0098 0.0098 0.0098 0.0098 0.7941 0.0098 0.0098 0.0098 0.0098 0.0098 0.0294 0.0098 0.0098 0.0098 0.0098 0.0098 0.0098 0.0098 
0.0667 0.0716 0.1499 0.0594 0.0043 0.0018 0.0055 0.0067 0.0239 0.0814 0.0251 0.1279 0.0018 0.0545 0.0080 0.0226 0.0814 0.0373 0.0092 0.161 
0.0208 0.0208 0.1458 0.0208 0.0208 0.0625 0.0208 0.0625 0.0208 0.0208 0.0208 0.0208 0.3542 0.0208 0.0208 0.0625 0.0208 0.0208 0.0208 0.0208 
0.0634 0.1722 0.1103 0.0284 0.0185 0.0274 0.0165 0.0694 0.0175 0.1342 0.0035 0.0125 0.0304 0.0474 0.0933 5.0E-4 0.0414 0.0115 0.0374 0.0644 
0.0675 0.0214 0.1171 0.0556 0.0026 0.0231 0.0179 9.0E-4 0.1085 0.1188 0.1444 0.1513 0.035 0.0299 0.0043 0.0333 0.035 0.0060 9.0E-4 0.0265 
0.0688 0.0017 0.1762 0.193 0.0017 0.0185 0.0017 0.0017 0.099 0.0755 0.0017 0.0654 0.0654 0.1124 0.0017 0.0017 0.0017 0.0285 0.0688 0.0151 
0.0304 0.0304 0.0616 0.1918 0.0095 0.0061 0.0026 0.0477 0.112 0.0842 0.0321 0.0026 0.0443 0.0859 9.0E-4 0.0061 0.1814 0.0668 9.0E-4 0.0026 
0.0947 0.0030 0.2057 0.0561 0.044 0.0259 0.0103 0.0476 0.0585 0.1393 6.0E-4 0.0103 0.0247 0.155 0.1007 0.0042 0.0103 0.0030 0.0054 6.0E-4 
0.0871 0.1834 0.1778 0.0361 0.0191 0.0078 0.012 0.0078 0.0333 0.0035 0.0885 0.039 0.0659 0.0602 0.039 0.0135 0.1112 7.0E-4 0.0021 0.012 
0.0807 0.0452 0.1888 0.0771 0.0151 0.0363 0.0718 0.0098 0.086 0.1002 0.0151 0.0062 0.0239 0.1037 0.0452 0.0239 0.0346 0.0133 0.0204 0.0027 
0.0807 0.0026 0.0443 5.0E-4 5.0E-4 5.0E-4 0.6109 0.0026 0.0203 0.0964 5.0E-4 0.0016 0.0099 0.0172 0.0245 0.013 0.0234 0.0078 0.0359 0.0068 
0.0434 7.0E-4 0.289 0.0493 0.011 0.0199 0.1037 7.0E-4 0.089 0.0346 0.0037 0.1669 0.039 0.0434 0.011 0.0419 7.0E-4 0.014 0.0375 7.0E-4 
0.0163 0.0026 0.1533 0.1396 0.0214 0.0026 0.0522 9.0E-4 0.0865 0.1104 9.0E-4 0.03 0.0522 0.1361 0.0796 0.0043 0.0317 0.0043 9.0E-4 0.0745 
0.0478 0.0156 0.2344 0.057 6.0E-4 0.0017 6.0E-4 6.0E-4 0.0421 0.0674 6.0E-4 0.0029 0.0017 0.1008 0.0017 0.0236 0.1192 0.0075 0.0179 0.2563 
0.0543 0.191 0.0566 0.0137 0.0168 0.023 0.0598 0.0465 0.0301 0.0332 0.2691 0.0020 0.0035 0.102 0.0441 0.0184 0.0129 4.0E-4 0.0051 0.0176 
0.088 0.1704 0.1317 0.0371 0.029 0.027 0.0097 0.0168 0.0727 0.09 0.0453 0.0076 0.0493 0.1104 0.031 0.0168 0.0046 0.0341 0.0056 0.0229 
0.0782 0.0199 0.1152 0.0671 0.0393 0.1216 0.0365 0.018 0.0809 0.0624 0.031 0.0097 0.0236 0.0615 0.08 0.0661 0.0245 0.0125 0.0042 0.0476 
0.0113 0.0339 0.0264 0.1333 8.0E-4 0.0384 0.3261 8.0E-4 0.0188 0.0429 0.0399 0.0203 0.0053 0.1017 0.0459 0.0309 0.0595 0.0489 0.0083 0.0068 
0.0957 7.0E-4 0.1766 0.2957 0.0021 0.0064 0.0035 0.0135 0.2007 0.0092 7.0E-4 0.0362 0.0121 0.0603 0.0035 0.0291 7.0E-4 0.0447 0.0078 7.0E-4 
0.1649 0.0101 0.2093 0.0962 0.0128 0.0397 0.0774 0.0357 0.1083 0.0128 0.0316 7.0E-4 0.0047 0.0707 0.0612 0.0087 0.0303 0.0141 0.0101 7.0E-4 
0.0363 0.0019 0.1482 0.0134 0.0019 0.0108 0.1037 0.0452 0.0693 0.077 6.0E-4 6.0E-4 0.2411 0.0948 0.021 0.063 0.0426 6.0E-4 0.0248 0.0032 
0.0922 0.0898 0.0824 0.1553 0.0020 0.0529 0.0012 0.1447 0.0742 0.043 0.0135 0.0045 0.0381 0.0668 0.0627 0.0045 0.0291 0.0135 0.0119 0.0176 
0.0767 0.036 0.1157 0.1278 0.0056 0.0056 0.0030 0.0022 0.1131 0.0351 0.0368 0.1053 0.0082 0.1581 0.0403 0.0273 0.0351 0.0169 0.0325 0.0186 
0.0219 0.0027 0.0805 0.0101 0.0549 0.0261 0.1125 0.1061 0.0453 0.1615 0.0187 0.0144 0.0037 0.0762 0.1007 5.0E-4 0.0677 0.0016 0.0943 5.0E-4 
0.0633 0.0134 0.0937 0.0282 0.0171 0.0115 0.0032 0.162 0.0152 0.0355 0.3338 0.0023 0.0328 0.0337 0.0439 0.0023 0.0596 0.0466 0.0014 5.0E-4 
5.0E-4 5.0E-4 0.0398 0.0033 5.0E-4 5.0E-4 5.0E-4 0.0033 0.0961 0.0276 0.0014 0.0089 5.0E-4 0.0361 5.0E-4 5.0E-4 0.0014 5.0E-4 0.7718 0.0061 
0.0392 0.0452 0.1078 0.0114 0.0199 0.0066 0.103 0.0090 0.0584 0.1693 0.0030 0.0078 0.103 0.038 6.0E-4 0.044 0.2163 0.0114 6.0E-4 0.0054 
0.0625 5.0E-4 0.1313 0.1139 0.0305 0.0044 0.0189 0.1206 0.0538 0.0761 0.0954 0.0509 0.0034 0.0722 0.0722 0.0179 0.0102 0.016 0.0315 0.0179 
0.0083 0.0744 0.0949 0.1484 0.0020 0.0201 0.0374 0.0114 0.0453 0.0878 0.0035 0.0327 0.0161 0.0469 0.172 0.0264 0.0067 0.0272 0.0020 0.1366 
0.1201 8.0E-4 0.3195 0.0869 8.0E-4 0.0264 0.0083 0.0038 0.0612 0.0461 0.0068 0.0113 0.0295 0.1518 0.034 0.0053 0.0098 0.0536 0.0234 8.0E-4 
0.0154 0.0523 0.1389 0.135 0.0921 0.0134 0.0055 0.1051 0.125 0.0463 0.0583 5.0E-4 0.0085 0.0682 0.0403 0.0174 0.0573 0.0174 0.0015 0.0015 
0.1147 0.0153 0.1187 0.1001 0.0020 0.0351 0.0683 0.0020 0.071 0.12 0.0153 0.0139 0.0033 0.0869 0.0338 0.0033 0.0948 0.0073 0.0099 0.0842 
0.018 0.0163 0.1019 0.0522 0.03 0.0077 0.0163 0.0043 0.3159 0.0454 0.0522 0.0693 0.0163 0.1361 9.0E-4 0.0111 0.0231 0.0471 0.0248 0.0111 
0.0132 0.0669 0.1241 0.0807 0.0017 0.0177 0.0212 0.0418 0.0555 0.1459 0.0326 0.0086 0.1436 0.0864 0.0303 0.0246 0.0704 0.0154 0.0132 0.0063 
0.0259 0.0075 0.25 0.0201 0.0098 0.0109 6.0E-4 0.019 0.0891 0.1063 0.0052 6.0E-4 6.0E-4 0.1029 0.0017 0.0454 0.0155 0.0109 0.0109 0.2672 
0.0161 0.1462 0.1722 0.0525 0.0401 0.0224 0.0078 0.0453 0.0057 0.0359 0.0484 5.0E-4 0.1129 0.0806 0.1015 0.0036 0.0245 0.0723 0.0109 5.0E-4 
0.0018 0.0042 0.2374 0.0282 0.0138 0.0379 0.0956 0.0294 0.1304 0.1244 0.0607 0.0198 0.0186 0.0895 0.0138 0.0162 0.0451 0.0294 6.0E-4 0.0030 
0.1262 0.051 0.1498 0.1284 0.0209 0.0027 0.0618 0.0113 0.0736 0.0059 0.0177 0.0016 0.0295 0.0704 0.0338 0.0521 0.0113 0.1445 0.0016 0.0059 
0.0239 0.0161 0.0668 0.1857 0.019 0.0102 0.0063 0.0102 0.0999 0.1876 0.0239 0.0307 0.0122 0.0911 0.0278 0.0443 0.0531 0.0317 0.0512 0.0083 
0.0044 0.0114 0.0569 0.0394 9.0E-4 0.0079 0.4177 9.0E-4 0.0482 0.0254 0.0061 0.1585 0.0552 0.0727 0.0026 0.0219 0.0412 0.0236 0.0026 0.0026 
0.0541 0.1591 0.1056 0.1213 0.0016 5.0E-4 0.0205 0.0657 0.0089 0.1035 0.0037 0.0278 0.0016 0.0383 0.1108 0.0047 0.0982 0.032 0.0299 0.0121 
0.0638 0.0377 0.0816 0.0185 0.0089 7.0E-4 0.0048 0.0213 0.12 0.1475 0.0364 0.0693 0.0501 0.0802 0.0144 0.0117 0.0226 0.2037 7.0E-4 0.0062 
0.0229 0.0278 0.0347 0.0337 0.061 0.1587 0.1089 0.0425 0.1167 0.0737 0.0298 0.0132 0.0483 0.0112 0.1616 0.0034 0.0239 0.0054 0.022 5.0E-4 
0.0547 0.0233 0.1025 0.1189 0.0258 0.0208 0.0321 0.0082 0.0522 0.095 0.0384 0.0019 0.0019 0.1201 6.0E-4 0.0975 0.1 0.0673 0.0233 0.0157 
0.0843 0.0398 0.1275 0.0911 0.0034 0.0074 0.114 7.0E-4 0.0951 0.083 0.0128 0.0398 7.0E-4 0.1478 0.0331 0.0641 0.0425 7.0E-4 0.0061 0.0061 
0.0959 0.0246 0.2718 0.0943 0.0087 8.0E-4 0.0040 0.0087 0.1323 0.0848 0.0024 0.023 8.0E-4 0.1101 0.0293 0.0040 0.0341 0.0436 0.0087 0.0182 
0.0231 0.1206 0.1508 0.0080 0.0256 0.0643 0.0508 0.0576 0.0307 0.1055 0.0147 0.0046 0.0761 0.0273 0.1903 0.0113 0.0214 0.0021 0.0063 0.0088 
0.02 0.0209 0.1026 0.0183 0.0021 0.3318 0.0030 0.0294 0.0379 0.0405 0.0302 0.0089 0.0532 0.0711 0.1256 0.0047 0.0541 0.0166 0.0285 4.0E-4 
0.2201 0.0269 0.3055 0.0375 0.0033 0.0059 0.0532 0.023 0.0558 0.0348 0.0059 0.0677 0.0361 0.0716 0.0256 0.0099 0.0099 7.0E-4 7.0E-4 0.0059 
0.0388 0.0069 0.3188 0.0078 0.0045 0.0224 0.0012 0.0233 0.0167 0.0192 0.0143 4.0E-4 0.0135 0.402 0.0339 0.0216 4.0E-4 0.0396 0.0078 0.0069 
0.0649 0.0178 0.0639 0.2418 0.0043 0.0495 5.0E-4 0.0745 0.1322 0.088 0.0043 0.0197 0.037 0.0543 0.0341 0.0111 0.0072 0.0697 0.0034 0.0216 
0.0354 0.1026 0.0943 0.0998 0.0152 0.0584 0.0465 0.0741 0.0373 0.0704 0.0363 0.1201 0.086 0.0612 0.0373 0.0032 0.0051 0.0115 5.0E-4 0.0051 
0.0012 0.0185 0.0062 0.021 0.0012 0.016 0.0012 0.0111 0.0086 0.1222 0.016 0.0136 0.0037 0.0284 0.0012 0.6432 0.0827 0.0012 0.0012 0.0012 
0.0433 4.0E-4 0.1489 0.0185 0.0116 0.0021 0.0039 0.0408 0.3052 0.0588 0.015 0.0691 0.0425 0.1206 0.0751 0.0047 0.0013 0.0073 0.0021 0.0288 
0.0473 0.3069 0.1346 0.0814 5.0E-4 0.0080 0.0261 0.0314 0.042 0.059 0.0505 0.0016 0.0016 0.0335 0.0824 0.0239 0.0431 0.0080 0.0016 0.0165 
0.0697 0.0413 0.119 0.1227 0.0203 0.0191 0.0598 0.029 0.0906 0.0993 0.0166 0.0068 0.1042 0.0512 0.0327 0.0154 0.0339 0.0475 0.0154 0.0055 
0.1057 0.0028 0.212 0.0912 0.0028 0.0106 0.0308 6.0E-4 6.0E-4 0.1135 0.0073 0.0185 0.0185 0.0777 0.0151 0.014 0.2411 0.0162 6.0E-4 0.0207 
0.1105 0.1117 0.1625 0.0727 6.0E-4 0.0030 0.0467 0.0349 0.0455 0.0301 0.0041 0.0053 0.0325 0.146 0.0018 0.0491 0.0018 0.016 0.0136 0.1117 
0.1297 0.0047 0.2016 0.0109 0.0297 0.0203 0.0203 0.0391 0.1547 0.0828 0.0172 0.0047 0.0609 0.0359 0.0984 0.0016 0.0047 0.0297 0.0453 0.0078 
0.0021 0.0816 0.0597 0.2791 0.0021 0.0226 7.0E-4 0.0021 0.0583 0.0569 0.0158 0.035 0.0254 0.1776 0.0487 0.024 0.0048 0.0199 7.0E-4 0.083 
0.07 0.0173 0.2387 0.0535 0.0038 0.0128 0.0023 0.0038 0.1017 0.0218 0.0113 0.0761 8.0E-4 0.1724 0.0248 0.0956 0.0264 0.0083 0.058 8.0E-4 
0.0536 0.0253 0.1584 0.103 0.0018 0.0043 0.0314 0.0031 0.1202 0.0549 6.0E-4 0.0043 0.0092 0.1338 6.0E-4 0.0339 0.0832 0.1634 0.0092 0.0055 
0.0709 0.1902 0.1501 0.077 0.0318 4.0E-4 4.0E-4 0.0405 0.0849 0.0126 0.0091 0.0091 0.044 0.1458 0.0431 0.0152 0.0318 0.0309 0.0117 4.0E-4 
0.0275 0.0934 0.1227 0.0226 6.0E-4 0.014 0.0495 0.0238 0.3046 0.1288 0.0116 6.0E-4 0.0934 0.014 0.0116 0.0116 0.0433 0.0018 0.0238 6.0E-4 
0.0101 0.1203 0.1319 0.0043 0.0971 0.0101 0.0768 0.0188 0.1116 0.1203 0.0536 0.0188 0.0391 0.0043 0.0188 0.129 0.0043 0.0217 0.0043 0.0043 
0.3252 8.0E-4 0.3979 0.0514 0.0087 8.0E-4 0.0198 0.0024 0.0229 0.0087 8.0E-4 0.0087 0.0704 0.053 0.0071 0.0134 8.0E-4 8.0E-4 8.0E-4 0.0055 
0.0468 0.0101 0.1247 0.0188 0.0276 0.0127 0.3023 0.1352 0.0311 0.1028 0.0118 4.0E-4 0.0381 0.0503 0.0687 0.0031 0.0118 4.0E-4 0.0013 0.0022 
0.0021 0.0387 0.0049 0.0021 0.0401 0.0513 0.0738 7.0E-4 0.0527 0.0527 0.064 0.0077 0.0091 0.5084 0.0401 7.0E-4 0.0373 0.012 7.0E-4 7.0E-4 
0.1015 0.1497 0.1176 0.0863 0.0012 0.0157 0.01 0.0165 0.1481 0.1047 0.0413 0.0028 0.0148 0.0293 0.0237 0.0116 0.0092 0.0502 0.0076 0.0582 
0.0058 0.081 0.1221 0.0756 0.2787 0.019 0.0275 0.0492 0.012 0.0391 0.0012 0.0019 0.0508 0.0787 0.119 0.0012 0.0019 0.0167 0.0167 0.0019 
0.0183 0.1477 0.0642 0.1738 0.0037 0.0099 0.0068 0.0204 0.0026 0.1383 0.0193 0.0026 0.0318 0.0924 0.0329 0.035 0.0151 0.0485 0.011 0.1258 
0.0987 0.0018 0.2825 0.0987 0.0080 0.0067 6.0E-4 0.0018 0.0729 0.0925 0.0055 0.0251 0.0558 0.2188 0.0055 0.0055 6.0E-4 0.0080 0.0092 0.0018 
0.0251 0.1749 0.1256 0.0734 0.0054 0.0163 0.168 0.0153 0.0537 0.0685 0.1246 0.0143 0.0468 0.0271 0.0172 0.0182 0.0103 5.0E-4 0.0113 0.0034 
0.1648 0.0051 0.098 0.0164 0.0017 0.0051 0.3845 0.0040 0.0074 0.1229 0.0028 0.0572 0.0153 0.073 6.0E-4 0.0028 0.03 6.0E-4 6.0E-4 0.0074 
0.01 0.0253 0.0831 0.0028 0.1882 0.0421 0.0951 0.0494 0.0919 0.0742 0.0702 0.12 0.0542 0.0429 0.0012 0.0036 0.0020 0.0277 0.0148 0.0012 
0.0098 0.0255 0.0765 0.0020 0.4569 0.0098 0.0020 0.2176 0.0020 0.0333 0.0725 0.0020 0.0137 0.0020 0.0216 0.0137 0.0059 0.0020 0.0294 0.0020 
0.0463 6.0E-4 0.187 0.0426 0.0019 0.0019 0.0043 6.0E-4 0.1006 0.0302 6.0E-4 0.0056 6.0E-4 0.1253 0.0056 0.0031 0.0228 0.0068 0.0019 0.4117 
0.0435 0.0772 0.0841 0.072 0.0073 0.0039 0.0392 0.0694 0.0746 0.0659 0.2358 4.0E-4 0.0082 0.128 0.0246 0.0065 0.0039 0.0151 0.0358 0.0047 
0.0198 0.1136 0.0492 0.0017 0.0096 0.0198 0.1079 0.0503 0.0412 0.0966 6.0E-4 0.0085 0.0107 0.0876 0.0017 6.0E-4 0.3576 0.0040 6.0E-4 0.0186 
0.0931 0.0070 0.1635 0.2152 0.0509 0.018 0.115 0.0368 0.0493 0.0837 0.0274 0.0023 0.0164 0.0149 0.0681 0.0211 0.0039 0.0070 8.0E-4 0.0055 
0.1314 0.0398 0.4009 0.0802 0.0020 0.0236 0.0020 7.0E-4 0.0775 0.0478 0.0061 7.0E-4 0.0559 0.0667 0.0061 0.0061 0.0263 0.0155 0.0101 7.0E-4 
0.0367 0.0145 0.1659 0.0345 0.0145 0.0056 0.0234 0.0011 0.2038 0.0212 0.0234 0.0056 0.0122 0.2305 0.0011 0.0523 0.0345 0.0991 0.0189 0.0011 
0.0095 0.0262 0.0497 6.0E-4 0.0776 0.0084 0.3845 0.1088 6.0E-4 0.0497 0.0396 6.0E-4 0.0552 0.0229 0.1166 6.0E-4 0.0206 0.0106 6.0E-4 0.0173 
0.0428 0.0388 0.1344 0.3449 0.0136 0.0065 5.0E-4 5.0E-4 0.0932 0.0227 5.0E-4 0.0257 0.0035 0.0881 5.0E-4 0.0488 0.0811 0.0297 0.0015 0.0227 
0.044 0.4848 0.0945 0.0035 0.0025 0.0066 5.0E-4 0.0066 0.0228 0.0632 0.0349 0.0207 0.044 0.0865 0.043 0.0046 0.0086 0.0046 0.0197 0.0046 
0.0027 0.1972 0.0862 0.1045 4.0E-4 4.0E-4 0.0011 4.0E-4 0.0376 0.0817 0.0065 0.0011 0.0065 0.0422 0.0072 0.1296 0.0695 0.1204 4.0E-4 0.1045 
0.0372 0.012 0.1837 0.0284 0.0145 0.0499 0.0082 0.1067 0.06 0.1004 0.0196 0.0019 0.0271 0.0915 0.012 0.1231 0.0789 0.0246 0.0183 0.0019 
0.0456 0.0049 0.0764 0.0975 0.0961 0.0063 0.2588 0.0358 0.0259 0.1171 0.0161 0.0119 0.0835 0.0035 0.0666 0.0217 0.0119 0.0035 0.0133 0.0035 
0.0395 0.0235 0.0844 0.0155 0.0305 0.1973 0.0944 0.0305 0.0195 0.0944 0.0065 0.0025 0.0085 0.1424 0.1623 0.0055 0.0025 0.0205 0.0165 0.0035 
0.0705 0.0578 0.1669 0.01 0.2187 0.0092 0.0139 0.0522 0.0801 0.045 4.0E-4 0.0307 0.0036 0.0538 0.0793 0.0076 0.057 0.01 0.0211 0.0124 
0.126 8.0E-4 0.4065 0.0492 0.0159 0.0225 0.0025 8.0E-4 0.0075 0.0392 0.0259 0.096 0.0159 0.0793 0.0142 0.0576 8.0E-4 0.0209 8.0E-4 0.0175 
0.2481 0.0016 0.1451 0.0411 5.0E-4 0.0148 0.0071 5.0E-4 0.1002 0.1539 0.0027 0.0476 0.0225 0.0104 0.0027 0.0345 0.0268 0.0060 0.132 0.0016 
0.0974 0.0427 0.0696 0.0725 0.0523 5.0E-4 0.2855 0.0408 0.0744 0.0801 0.0072 0.0849 0.0398 0.036 0.0024 0.0082 0.0043 5.0E-4 5.0E-4 5.0E-4 
0.0677 0.014 0.1055 0.0787 6.0E-4 0.0348 6.0E-4 0.1152 0.0445 0.1067 0.0457 0.0299 0.0628 0.0091 0.1616 0.0201 0.0274 0.0738 6.0E-4 6.0E-4 
0.0010 0.0394 0.0933 0.0587 0.051 0.0067 0.0779 0.0144 0.1029 0.026 0.0202 0.0125 0.0183 0.0702 0.0163 0.0010 0.2933 0.0356 0.0183 0.0433 
0.0056 0.0842 0.1954 0.2923 0.0148 0.0107 5.0E-4 0.023 0.0505 0.0036 0.024 0.0026 0.0832 0.0944 0.0577 0.0046 0.0148 0.0168 0.0097 0.0117 
0.0158 0.0715 0.0835 0.0737 0.0016 0.0486 0.2069 5.0E-4 0.0355 0.054 0.0289 0.1316 0.0988 0.065 0.0584 0.0126 5.0E-4 0.0049 5.0E-4 0.0071 
0.0431 0.0354 0.1331 0.2117 0.0010 0.0010 0.0163 0.1121 0.1044 0.0546 0.0029 0.0105 0.0278 0.1695 0.0029 0.0163 0.0029 0.0239 0.0278 0.0029 
0.1135 0.1214 0.1345 0.1214 0.0020 7.0E-4 0.0033 0.0020 0.0256 0.0466 0.0072 7.0E-4 0.1411 0.0873 0.0676 0.023 0.0033 0.0518 0.0046 0.0427 
0.0040 0.0198 0.168 0.0979 0.0040 0.0051 0.0153 0.0107 0.2076 0.0436 0.0028 0.2313 6.0E-4 0.0469 0.0526 0.0119 0.0107 0.0402 0.0266 6.0E-4 
0.0484 0.0097 0.0708 0.0454 0.0168 0.0015 0.0301 0.1636 0.0994 0.1096 0.0984 0.0117 5.0E-4 0.1514 0.0586 5.0E-4 0.0199 0.0097 0.0199 0.0341 
0.0364 0.0532 0.0582 0.0892 0.1788 0.0222 0.0222 0.0925 0.0297 0.0624 0.0959 0.018 0.0239 0.049 0.1034 0.0029 0.0348 4.0E-4 0.0239 0.0029 
0.0103 0.012 0.1951 0.012 0.0664 0.0194 4.0E-4 0.125 0.0738 0.1349 0.0408 0.021 0.0771 0.0813 0.0705 0.0070 0.0425 0.0012 4.0E-4 0.0087 
0.0659 0.0214 0.2974 0.0189 0.0029 0.0306 0.0138 0.0281 0.0172 0.0206 4.0E-4 0.0701 0.0902 0.0466 0.0977 0.0096 0.0768 0.0055 0.013 0.0734 
0.0264 0.0312 0.0513 0.0225 5.0E-4 0.0024 0.1548 5.0E-4 0.0475 0.2785 0.0043 0.0081 0.0369 0.058 0.0139 0.0139 0.0868 0.1395 0.011 0.012 
0.0363 0.0371 0.0379 0.1072 0.0021 0.0029 4.0E-4 0.0013 0.0813 0.0013 0.0188 0.0188 0.0046 0.0405 0.0121 4.0E-4 0.5626 4.0E-4 0.0246 0.0096 
0.0086 0.0875 0.1941 0.0757 0.0020 0.023 0.0283 0.0151 0.0349 0.0217 0.0125 0.0086 0.0033 0.1441 0.1046 0.0178 0.1954 0.0112 0.0020 0.0099 
0.3158 0.0065 0.195 0.0137 0.0036 0.018 0.1791 7.0E-4 0.0554 0.054 7.0E-4 0.0122 0.1043 0.0237 7.0E-4 7.0E-4 0.0122 0.0022 7.0E-4 7.0E-4 
0.1257 0.0471 0.1005 0.0141 0.0015 0.0325 5.0E-4 0.0442 0.0364 0.1519 0.0053 0.0053 0.0597 0.0296 0.0655 0.1578 0.0218 0.0354 0.0121 0.0529 
0.114 6.0E-4 0.3612 0.0219 0.0107 0.0219 0.0084 0.0152 0.041 0.0365 0.032 0.1725 0.0421 0.0399 0.0163 0.0185 0.0185 0.0073 0.0096 0.0118 
0.0659 0.1824 0.116 0.2777 0.0091 0.0043 0.0014 0.0274 0.0505 0.0361 0.0082 0.0053 0.0438 0.1141 0.014 0.0149 0.0014 0.0101 5.0E-4 0.0168 
0.0045 0.1894 0.067 0.1001 6.0E-4 0.0338 0.021 6.0E-4 0.0172 0.0682 0.0529 0.0108 0.0096 0.067 0.0274 0.0823 0.0759 0.0631 6.0E-4 0.1078 
0.0654 0.0070 0.0463 0.0349 0.0082 0.0146 0.4448 6.0E-4 0.0666 0.0577 6.0E-4 6.0E-4 0.026 0.0451 0.0489 0.0184 0.0374 0.0387 0.0044 0.0336 
0.0836 0.0061 0.2353 0.0958 6.0E-4 0.0316 6.0E-4 6.0E-4 0.015 0.0615 6.0E-4 0.1788 0.0847 0.1257 0.036 0.0050 0.0194 0.0072 0.0072 0.0050 
0.172 0.0208 0.1899 0.0256 0.0030 6.0E-4 0.0030 0.0149 0.0994 0.1018 0.0018 0.0375 0.1946 0.0768 0.0256 0.0125 0.0101 0.0018 0.0077 6.0E-4 
0.0323 0.029 0.1416 0.1796 8.0E-4 0.0157 0.0108 0.0108 0.1233 0.0902 0.1796 0.0058 0.019 0.077 0.0041 8.0E-4 0.0224 0.0505 8.0E-4 0.0058 
0.0733 0.0743 0.1012 0.1461 0.0234 0.0165 0.0304 0.0294 0.0573 0.0753 0.0165 0.0015 0.0334 0.0523 0.0125 0.0115 0.0842 5.0E-4 0.0145 0.1461 
0.0034 0.0083 0.0552 0.0591 0.0054 0.0171 0.0015 0.0279 0.109 0.0455 0.0806 0.0337 0.0142 0.1031 0.0836 0.0103 0.0621 0.0034 0.0171 0.2595 
0.0468 0.0062 0.5834 0.0197 0.0062 0.0017 0.0479 0.0141 0.0254 0.0321 0.0152 0.0051 0.0547 0.1054 0.0017 6.0E-4 0.0197 0.0051 0.0073 0.0017 
5.0E-4 0.0134 0.0014 0.0014 0.0032 0.5605 0.3018 5.0E-4 0.0023 0.0421 0.0023 5.0E-4 0.0097 0.0060 0.0014 0.0106 0.0328 0.0032 0.0032 0.0032 
0.2825 0.06 0.0802 0.1134 0.0036 0.0094 7.0E-4 0.0065 0.0195 0.047 7.0E-4 0.0296 0.1799 0.0658 0.0643 0.0311 0.0022 7.0E-4 7.0E-4 0.0022 
0.1057 0.0778 0.3198 0.01 0.0033 0.0206 0.0020 0.0339 0.0086 0.1217 0.0047 7.0E-4 0.1031 0.0539 0.0645 0.014 7.0E-4 0.0193 7.0E-4 0.0352 
0.0887 0.0063 0.3987 0.1156 9.0E-4 0.0027 0.0081 0.017 0.0349 0.0905 9.0E-4 0.0027 0.0063 0.1461 0.0116 9.0E-4 0.0403 0.0152 9.0E-4 0.0116 
0.0796 0.0090 0.0964 0.0665 0.0030 6.0E-4 0.1754 6.0E-4 0.1192 0.0533 0.0066 0.1731 0.0593 0.0725 0.015 0.0425 0.0126 0.0042 0.0102 6.0E-4 
0.0018 0.0218 0.0771 0.0065 0.0194 6.0E-4 0.2538 0.0171 0.0665 0.0689 0.0112 0.2173 0.0265 0.0465 0.083 0.0053 0.0571 6.0E-4 0.0018 0.0171 
0.0353 0.0033 0.1389 0.0551 0.0024 0.0052 0.0024 0.0033 0.0513 0.0815 0.0071 0.1144 0.024 0.0344 0.0278 0.041 0.0268 0.2604 0.0127 0.073 
0.0706 0.0085 0.0926 0.0035 0.0455 0.0766 0.0185 0.0325 0.0405 0.0425 0.0475 0.0035 0.0776 0.1216 0.1466 0.0085 0.0075 0.0225 0.0305 0.1026 
0.0020 4.0E-4 0.028 0.0012 0.0012 4.0E-4 0.1936 0.0085 0.0012 0.7033 0.011 4.0E-4 0.0166 0.0020 0.0134 0.0069 0.0012 4.0E-4 0.0053 0.0028 
0.0696 8.0E-4 0.5256 0.0344 0.0056 0.0168 0.0104 8.0E-4 0.0328 0.0040 0.0584 0.0024 0.0232 0.116 0.0040 0.0024 0.0056 0.028 0.0248 0.0344 
0.0742 0.0099 0.4724 0.0283 0.0821 0.0020 7.0E-4 7.0E-4 7.0E-4 0.0545 0.0204 7.0E-4 0.1229 0.0361 0.0046 0.0769 7.0E-4 0.0059 7.0E-4 0.0059 
0.0818 5.0E-4 0.2326 0.0649 0.0121 0.0016 0.0195 0.0216 0.0164 0.0733 0.0016 5.0E-4 0.0459 0.0765 0.0491 0.0069 5.0E-4 0.0026 0.2917 5.0E-4 
0.0142 0.0215 0.1211 0.0133 0.3314 0.0343 0.0105 0.0681 0.0526 0.0928 0.0041 0.0032 0.0279 0.0242 0.0946 0.0133 0.0471 0.0087 0.016 0.0014 
0.0552 0.0257 0.0421 0.0049 0.0694 0.0126 0.0071 0.0202 0.0082 0.0683 0.0016 0.1776 0.0563 0.0967 0.0672 0.2137 0.053 0.0060 5.0E-4 0.0137 
0.3557 0.0265 0.1979 0.0175 0.0096 0.0017 0.2193 0.0242 0.0254 0.04 0.0017 6.0E-4 0.0017 0.0389 0.0051 6.0E-4 0.0073 0.0254 6.0E-4 6.0E-4 
7.0E-4 0.0619 0.0761 0.0021 7.0E-4 0.0178 0.0576 0.0021 7.0E-4 0.1031 0.0377 0.0135 0.0121 0.022 0.0078 0.0036 0.5541 0.0164 0.0092 7.0E-4 
0.0822 0.0433 0.2266 0.132 0.0065 0.0015 0.0095 0.0125 0.0483 0.0374 0.0234 0.0015 0.0194 0.1111 0.0344 0.0015 0.0473 0.0095 0.0164 0.136 
0.0277 0.0256 0.0611 0.034 0.0037 0.0037 0.012 0.0528 0.0172 0.2586 0.0235 0.0016 0.0183 0.0225 0.1176 0.0068 0.0653 0.0089 0.2273 0.012 
0.0382 0.3524 0.0967 0.1156 0.0080 5.0E-4 5.0E-4 0.0307 0.0429 0.0448 0.0127 0.0024 0.0127 0.0731 0.0363 0.0184 0.0193 0.0033 0.0033 0.0882 
0.0449 0.0199 0.0743 0.0419 0.0066 0.0169 0.0375 0.039 0.0331 0.0581 0.061 0.1316 0.1581 0.0669 0.1184 0.0287 0.0022 0.0566 0.0037 7.0E-4 
0.058 4.0E-4 0.1133 0.03 0.034 0.1221 0.1837 0.0765 0.0084 0.1301 0.0028 0.0020 0.0164 0.0356 0.0476 0.054 0.0156 0.0316 0.0356 0.0020 
0.024 0.1034 0.2162 0.0143 0.0331 0.0219 0.0282 0.2253 0.0108 0.0595 0.0094 3.0E-4 0.1243 0.0101 0.0985 3.0E-4 0.0038 3.0E-4 0.0101 0.0059 
0.0241 0.0251 0.1078 0.2269 0.0034 0.0094 5.0E-4 0.0054 0.0458 0.1019 0.0034 0.0212 0.1324 0.0497 5.0E-4 0.0507 0.0635 0.0015 0.0113 0.1156 
0.059 0.062 0.1921 0.1607 0.0127 7.0E-4 7.0E-4 0.0157 0.0889 0.0411 7.0E-4 0.0979 0.0127 0.1308 0.0321 0.0067 0.0097 0.065 0.0022 0.0082 
0.0156 0.1844 0.1978 0.22 0.0022 0.0422 0.0111 0.0244 0.0867 0.0156 0.0333 0.0067 0.0378 0.0556 0.0244 0.0022 0.0289 0.0022 0.0067 0.0022 
0.0437 0.0019 0.0945 0.0183 0.188 0.0191 0.3262 0.0146 0.0392 0.102 0.0019 0.0026 0.0482 0.0422 0.0206 0.0049 0.0041 0.0041 0.0235 4.0E-4 
0.1574 0.0218 0.0896 0.032 0.0302 0.0162 0.0274 0.0032 0.189 0.0608 0.0172 0.1017 0.0571 0.0812 0.0367 0.019 0.0571 5.0E-4 0.0014 5.0E-4 
0.4438 0.0097 0.095 0.0601 0.0032 0.0123 0.0019 0.02 0.0588 0.0484 0.011 6.0E-4 0.0588 0.0291 0.0329 0.0058 0.0097 6.0E-4 6.0E-4 0.0975 
0.0141 0.0666 0.0657 0.1102 0.0041 0.0168 0.0258 0.0195 0.0784 0.1219 0.0014 0.0059 0.0113 0.0603 0.0131 0.0023 0.0956 0.0875 0.1854 0.0141 
0.0812 0.0142 0.0995 0.0216 0.1839 0.0335 0.0096 0.0353 0.0252 0.0876 5.0E-4 0.0821 0.0794 0.0124 0.0032 0.0601 0.1381 0.0133 0.0188 5.0E-4 
0.0080 0.0187 0.1417 0.0437 0.0633 0.0027 0.0954 0.0437 0.0811 0.0954 0.033 0.0134 0.156 0.0312 0.074 0.0027 0.0508 0.0312 0.0027 0.0116 
0.0293 0.1756 0.0763 0.1457 0.0037 0.039 0.024 0.0112 0.0475 0.1371 0.0133 0.0080 0.0507 0.0432 0.0848 5.0E-4 0.0496 0.0251 0.0347 5.0E-4 
0.1045 0.0040 0.2103 0.0569 0.0093 0.0013 0.0119 0.0489 0.2712 0.0913 0.0278 0.0013 0.0013 0.0754 0.0198 0.0013 0.0013 0.0489 0.0119 0.0013 
0.0849 0.0706 0.1913 0.0595 0.0040 0.0040 8.0E-4 0.0024 0.0865 0.0611 0.0056 0.0278 0.0341 0.2246 8.0E-4 0.0294 0.023 0.0357 0.0183 0.0357 
0.0944 5.0E-4 0.2424 0.0337 0.0451 0.0242 5.0E-4 0.0517 0.1029 0.0935 0.0574 0.0194 0.0897 0.0251 0.0536 5.0E-4 0.0062 0.0232 0.0327 0.0033 
0.0561 0.0112 0.1753 0.0157 0.022 0.0121 0.0121 0.0085 0.0534 0.1843 0.0274 0.0946 0.0731 0.0785 0.0489 0.0022 0.0049 0.0148 0.0022 0.1027 
0.0246 0.0282 0.2031 9.0E-4 0.1976 0.0792 0.0228 0.0355 0.0027 0.0519 0.0064 0.0046 0.1193 0.1466 0.0537 0.0027 9.0E-4 0.0046 0.01 0.0046 
0.037 0.0132 0.1823 0.0019 0.0056 0.0031 0.0169 0.0056 0.0194 0.0658 6.0E-4 0.1297 6.0E-4 0.0533 0.0019 6.0E-4 0.0896 0.0119 0.349 0.0119 
0.0379 0.0386 0.1044 0.0417 0.0562 0.031 0.0011 0.2161 0.0983 0.135 0.0103 0.0157 0.0164 0.0601 0.0845 0.0157 4.0E-4 0.0096 0.0264 4.0E-4 
0.0189 0.0045 0.1643 9.0E-4 0.0081 0.035 0.2092 0.0458 0.0135 0.053 0.0045 0.0027 0.0332 0.0332 0.1804 0.0314 0.1284 0.0063 0.0153 0.0117 
0.0632 5.0E-4 0.1357 0.1022 0.0503 0.0319 0.0124 0.0514 0.0481 0.0265 0.0373 0.0297 0.0578 0.0697 0.2589 0.0027 5.0E-4 0.0070 0.0103 0.0038 
0.0415 0.3086 0.108 0.1315 0.0026 0.0015 0.0568 0.0046 0.0435 0.0251 0.0691 0.0189 0.0159 0.0292 0.0568 0.0169 0.0292 0.0179 0.0067 0.0159 
3.0E-4 3.0E-4 8.0E-4 3.0E-4 3.0E-4 3.0E-4 8.0E-4 8.0E-4 3.0E-4 0.0014 3.0E-4 8.0E-4 3.0E-4 3.0E-4 3.0E-4 0.0014 3.0E-4 0.9901 3.0E-4 3.0E-4 
0.0217 0.1576 0.104 0.0522 5.0E-4 0.0457 0.0116 0.0282 0.0282 0.0799 0.0079 0.0374 0.0485 0.1243 0.1049 0.0097 0.0504 0.0060 0.0143 0.067 
0.0835 0.0425 0.1573 0.0476 5.0E-4 0.0497 0.0118 0.0108 0.1399 0.061 0.0702 5.0E-4 0.0343 0.104 0.0989 0.0108 0.0528 0.0015 0.022 5.0E-4 
